1111
1111
1111
1111
1111
1111
1111
1111
1111
1111
1111
1111
1111
1111
1111
1111
1111
1111
1111
1111
1111
1111
1111
1111
1111
1111
1111
1111
1111
1111
1111
1111
1111
1111
          22
           22
            22
             22
             22
             22
             22
             22
             22
             22
             22




             22
             22      


	

1111    
1111






1111
1111




11112
111122
1111222
11112222
111122222
1111222222




111122222222
11112222222
1111222222
111122222
11112222
1111222
111122
11112






1111
1111
1111
1111
1111
1111
1111
1111
1111
1111
1111
1111
1111
1111
1111
1111
1111
1111
1111
11113
111133
1111333
11113333


             44
             44
             44
             44


            




             44
             44
             44






             44
             44
             44






             44
             44
             44
             44
             44


1111
1111
1111
1111
1111
1111
1111
1111
1111
1111
1111
1111
1111
1111
1111



1111
1111
1111
1111




  11
  11




  11




  11
  11





  11





  11





111111
111111
111111
1111112
11111122
111111222


              33
              33
              33
              33
              33
              33
              33
              33
              33

1111
1111
1111
1111
1111
1111
1111
1111
1111       11
1111       11
1111       11
1111       11
1111       11
1111       11
1111       11
1111       11
1111111111111
1111111111111
1111111111111
1111
1111
1111
1111
1111
1111
1111
1111
1111
1111
1111
1111
1111
1111
1111       33
1111       33
1111       33
1111
1111
1111
1111
1111        33
1111        33
1111
1111
1111
1111
1111         33
1111         33
1111         33
1111         33
1111         33
1111         33
1111
1111
1111
1111
1111
1111          33
1111          33      



               33
               33
 

1111           
1111           
1111            33
1111            33
1111
1111
1111
1111
1111            33
1111            33
1111            33
1111            33
1111            33
1111            333
1111            3333
1111            33333
1111
1111
1111
111144444444444444444
111144444444444444444
111144444444444444444
1111
1111
1111
1111
1111
1111
1111
1111
1111
1111
1111
1111
1111
1111
1111
1111
1111
1111







1111
1111
1111
1111
1111
1111
1111
1111
11112
111122
1111222
11112222
111122222
1111222222
11112222222
1111
1111
1111
1111       22
1111       22
1111       22
1111       22
1111       22
1111       22
1111       22
1111       22
1111       22
1111       222
1111       22222
1111       22222222222222222
1111       22222222222222222
1111       22222222222222222 
1111
1111
1111
1111
1111
1111
1111
1111
1111
1111
1111
1111
1111
1111
1111
1111
1111
1111
1111
1111
1111
1111
1111
1111
1111
1111
1111                     


      22                    
      22                    
      22                    



          22                 
          22                
          22                



              22            
              22            
              22            
                            

11                         
11                          
11       33                 
11       33       44        
11       33       44        
11       33       44        4
11       33       44        4
11       33       44        4
11       33       44        4
11       33       44        4
11       33       44        4
11       33       44        4
11       33       44        4
11       33       44        4
11       33       44        4
11       33       44        4
11       33       44        4
11       33       44        4
11       33       44        4
11       33       44        4
11       33       44        4
11       33       44        4
11       33       44        4
11       33       44        4
11       33       44        4
11       33       44        4
11       33       44        4
11       33       44        4
11       33                 4
11                          4
11                          4
2
2 
2            


   22              22
   22              22


          
           22             
           22             



   22              22
   22              22


2
2
2
11113333333333333333
1111333333333333333
111133333333333333
11113333333333333
1111333333333333
111133333333333
11113333333333
1111333333333
111133333333
11113333333
1111333333
111133333
11113333
1111333
111133
11113
1111
1111
1111
1111
1111
1111
1111
1111
1111
1111
1111
1111
1111
1111
11112
111122
1111222
11112222
111122222
1111222222       22222222222
1111222222       22222222222
1111222222       22222222222
1111222222         222222222
11112222222         22222222
111122222222         2222222
1111222222222          22222
1111222222222          22222
111122222222           22222
11112222222             2222
1111222222              2222
111122222       2       2222
111122222       2       2222
111122222       2       2222
111122222       2       2222
111122222       2       2222
111122222       2       2222
111122222       2       2222
111122222       2       2222
111122222       2       2222
111122222       2       2222
111122222       2       2222
111122222       2       2222
1111222222222   2       2222
11112222222222  2       2222
11112222222222222       2222
11112222222222222       2222
11112222222222222       2222
11112222222222222       2222
11112222222222222       2222
1111222222222222
111122222222222
11112222222222
1111222222222




1111222222222
111122222222
11112222222




11112222222
1111222222
111122222




111122222
11112222
1111222




1111222
1111222




111122
11112
1111
1111
1111
1111
1111
1111
1111
1111
1111
1111
1111
1111
1111
1111
1111
11112
111122
1111222
11112222
                            4
          33                4
          33                4
          33                4
                            4
                            4
                            4
               33           4
               33           4
               33           4
                            4
                            4
                            4
                  33        4
                  33        4
                  33        4
                  33        4
                  33        4
                  33        4
                  33        4
                  33
                  33
                  33
          3333333333
          3333333333
          33
          33

                3
          3333333333
          3333333333


          33
          33
          3333333333
          3333333333




          3333333333
          3333333333




1111





1111





1111





1111



        1




                1




     1



              1



   1




         1




                 1




     1




            1





1111





1111





1111





1111





1111





1111
1111
1111
1111
1111
1111
1111
1111
1111
1111
1111
1111
1111
1111
1111
